Source;Instance;BestObjective;Gap;Status;NExploredSolutions;OptimizationTime;OverallTime
0_BehnkeGeiger;1;90.0;0.0;2;158083.0;309.80200004577637;309.9902822971344
0_BehnkeGeiger;2;91.0;0.0;2;175969.0;220.010999917984;220.22978830337524
0_BehnkeGeiger;3;91.0;0.0;2;87914.0;298.82100009918213;299.0082869529724
0_BehnkeGeiger;4;96.99999999019992;0.04123711330519641;9;2042111.0;1800.0169999599457;1800.2518231868744
0_BehnkeGeiger;5;90.99999999079995;0.03296703286926646;9;2708987.0;1800.0139999389648;1800.3578624725342
0_BehnkeGeiger;6;141.99999998569888;0.4366197182531201;9;316267.0;1800.0539999008179;1801.3344540596008
0_BehnkeGeiger;7;144.99999998539982;0.41328150102917255;9;144931.0;1800.0720000267029;1801.319293498993
0_BehnkeGeiger;8;137.9999999860999;0.44927536226336856;9;528464.0;1800.0460000038147;1801.0374796390533
0_BehnkeGeiger;9;129.99999995263633;0.40646420107783904;9;308150.0;1800.0490000247955;1801.4600296020508
0_BehnkeGeiger;10;139.99999998589817;0.3886297092784922;9;225347.0;1800.0639998912811;1801.0763828754425
0_BehnkeGeiger;11;293.9999999704994;0.7176870748016072;9;4758.0;1800.300999879837;1805.7448780536652
0_BehnkeGeiger;12;297.99999999999494;0.7292502561848945;9;3174.0;1800.2809998989105;1805.7363748550415
0_BehnkeGeiger;13;277.999999944194;0.7033535034799117;9;3154.0;1800.2430000305176;1805.5641975402832
0_BehnkeGeiger;14;318.99999993599977;0.7178683385013903;9;10471.0;1800.1800000667572;1804.8596663475037
0_BehnkeGeiger;15;296.9997890316003;0.7104375047524032;9;12069.0;1800.1929998397827;1805.2154395580292
0_BehnkeGeiger;16;600.9999999999559;0.856905158069873;9;272.0;1800.654000043869;1822.1617176532745
0_BehnkeGeiger;17;595.9999999999593;0.8674496644295211;9;81.0;1800.491000175476;1821.2991998195648
0_BehnkeGeiger;18;680.9999999999474;0.8707782672540282;9;201.0;1800.5179998874664;1820.8690493106842
0_BehnkeGeiger;19;543.999999999988;0.8511029411764673;9;694.0;1800.4900000095367;1821.5007138252258
0_BehnkeGeiger;20;628.0;0.8678343949044586;9;504.0;1800.5929999351501;1820.8885850906372
0_BehnkeGeiger;21;87.99999999109998;0.09090909081714858;9;505474.0;1800.0329999923706;1800.7672109603882
0_BehnkeGeiger;22;87.0;0.0;2;107355.0;594.1269998550415;594.6584801673889
0_BehnkeGeiger;23;85.0;0.0;2;74280.0;304.8200001716614;305.2724187374115
0_BehnkeGeiger;24;87.0;0.0;2;691451.0;1222.6870000362396;1222.9831726551056
0_BehnkeGeiger;25;86.99999903012163;0.06896550686218189;9;922555.0;1800.029000043869;1800.32572555542
0_BehnkeGeiger;26;117.99999999999993;0.3728813559321999;9;89238.0;1800.0969998836517;1801.7527663707733
0_BehnkeGeiger;27;128.99999998699985;0.3720930231925358;9;201308.0;1800.0659999847412;1801.4720318317413
0_BehnkeGeiger;28;120.99999998779947;0.3884297520044508;9;56007.0;1800.1909999847412;1802.1907143592834
0_BehnkeGeiger;29;123.99999999999899;0.3870967741935426;9;95831.0;1800.1080000400543;1802.0133888721466
0_BehnkeGeiger;30;122.99999998759985;0.3414634145677565;9;68188.0;1800.1960000991821;1801.867827653885
0_BehnkeGeiger;31;282.0000000000001;0.7163120567375888;9;2145.0;1800.7620000839233;1810.7121148109436
0_BehnkeGeiger;32;263.00000000001035;0.7034220532319508;9;2802.0;1800.3359999656677;1809.1940970420837
0_BehnkeGeiger;33;261.9999999999961;0.7119747327628174;9;2618.0;1800.6100001335144;1809.561100244522
0_BehnkeGeiger;34;272.9999999725942;0.7133609985767952;9;3105.0;1800.7389998435974;1809.8713493347168
0_BehnkeGeiger;35;254.0000000000003;0.6853374906111614;9;2320.0;1800.4609999656677;1809.708105802536
0_BehnkeGeiger;36;467.9999999999998;0.8354700854700854;9;61.0;1800.8280000686646;1837.9293892383575
0_BehnkeGeiger;37;621.9999999998411;0.8778135048231199;9;297.0;1801.0479998588562;1836.742803812027
0_BehnkeGeiger;38;446.99999999999346;0.8277404921700199;9;31.0;1800.9079999923706;1839.6646473407745
0_BehnkeGeiger;39;477.99999999999085;0.8221757322175698;9;106.0;1800.7860000133514;1838.6538784503937
0_BehnkeGeiger;40;503.9999999999986;0.8333333333333328;9;749.0;1800.800999879837;1835.793165922165
0_BehnkeGeiger;41;86.99999999119997;0.05747126427247953;9;114528.0;1800.042000055313;1801.1486704349518
0_BehnkeGeiger;42;86.99999925054927;0.011494244358202708;9;712018.0;1800.03400015831;1800.4245841503143
0_BehnkeGeiger;43;86.0;0.0;2;62715.0;763.2030000686646;763.7658333778381
0_BehnkeGeiger;44;84.0;0.0;2;123617.0;1235.6289999485016;1236.1920223236084
0_BehnkeGeiger;45;87.0;0.0;2;263529.0;1581.7460000514984;1582.37055850029
0_BehnkeGeiger;46;119.99999995159932;0.3916666664213021;9;162689.0;1800.0970001220703;1801.5811245441437
0_BehnkeGeiger;47;121.99999998769995;0.3770491802650629;9;90056.0;1800.1070001125336;1802.4536011219025
0_BehnkeGeiger;48;127.99999998710004;0.4062499999401613;9;92885.0;1800.0989999771118;1802.1306536197662
0_BehnkeGeiger;49;115.99999998829999;0.3793103447649824;9;45113.0;1800.1640000343323;1802.2726073265076
0_BehnkeGeiger;50;124.99999998739997;0.407999999940318;9;13655.0;1800.1549999713898;1802.8114988803864
0_BehnkeGeiger;51;264.9999998675777;0.7132075470264991;9;2687.0;1800.380000114441;1814.2364835739136
0_BehnkeGeiger;52;246.99999999999955;0.6923076923076917;9;2924.0;1800.5650000572205;1813.4523355960846
0_BehnkeGeiger;53;265.9999999732996;0.721804511250271;9;3129.0;1800.4379999637604;1814.263179063797
0_BehnkeGeiger;54;262.99999997359475;0.6996197718329603;9;12670.0;1800.3159999847412;1812.609634399414
0_BehnkeGeiger;55;252.9999999745955;0.6947851632865063;9;2356.0;1800.4700000286102;1812.780119419098
0_BehnkeGeiger;56;470.99999999971635;0.8365180467090311;9;392.0;1801.375;1856.4208369255066
0_BehnkeGeiger;57;476.9999999985056;0.8280922431860442;9;31.0;1801.5809998512268;1857.2555830478668
0_BehnkeGeiger;58;465.99999999980025;0.8412017167381294;9;31.0;1801.8889999389648;1862.297116279602
0_BehnkeGeiger;59;446.99999995486365;0.8277404921526282;9;363.0;1800.880000114441;1853.7925021648407
0_BehnkeGeiger;60;708.9999999999427;0.8843441466854631;9;503.0;1801.0220000743866;1851.2139151096344
1_Brandimarte;1;40.0;0.0;2;6401.0;8.373000144958496;9.02914023399353
1_Brandimarte;2;26.999998260267713;0.0740740144124689;9;1025776.0;1800.0199999809265;1800.3326790332794
1_Brandimarte;3;203.9999998995203;0.0;2;8325.0;316.35000014305115;317.61485958099365
1_Brandimarte;4;59.99999999389949;0.03333333323504763;9;1074732.0;1800.0199999809265;1800.2232806682587
1_Brandimarte;5;172.99999915191506;0.5144508646717718;9;354312.0;1800.0360000133514;1800.4423279762268
1_Brandimarte;6;66.99999999319996;0.43283582083882804;9;21745.0;1800.0540001392365;1801.3398940563202
1_Brandimarte;7;144.9999990092114;0.2275862016186294;9;912694.0;1800.0199999809265;1800.6299130916595
1_Brandimarte;8;522.9999999475838;0.6181537507621523;9;21626.0;1800.1299998760223;1801.5983505249023
1_Brandimarte;9;310.9999999687994;0.3286432032510764;9;20832.0;1800.0950000286102;1801.6258916854858
1_Brandimarte;10;220.99999999999895;0.23129345327854292;9;21203.0;1800.1019999980927;1802.130737543106
1_Brandimarte;11;625.9999999372983;0.6093102960971214;9;31601.0;1800.0950000286102;1800.7979595661163
1_Brandimarte;12;507.9999999491;0.575553443363831;9;31020.0;1800.0889999866486;1800.6669709682465
1_Brandimarte;13;438.999999955989;0.4987675747743358;9;21179.0;1800.1150000095367;1802.5048220157623
1_Brandimarte;14;693.9999997912644;0.5363388932375492;9;20712.0;1800.1000001430511;1801.0531868934631
1_Brandimarte;15;360.99999996379233;0.29362880879470776;9;20797.0;1800.1329998970032;1802.2419877052307
2a_Hurink_sdata;1;54.99999999999997;1.0181819024265601e-10;2;1.0;0.06299996376037598;0.17180156707763672
2a_Hurink_sdata;2;930.0;0.0;2;147456.0;69.65499997138977;69.73367404937744
2a_Hurink_sdata;3;1176.9999997643952;0.5106202208026336;9;9519857.0;1800.008999824524;1800.1342253684998
2a_Hurink_sdata;4;665.9999998664963;0.0;2;17335.0;2.8899998664855957;8.810441255569458
2a_Hurink_sdata;5;654.9999999343999;0.0;2;4965.0;3.2019999027252197;3.2336196899414062
2a_Hurink_sdata;6;596.9999999999998;0.0;2;4885.0;1.0;1.0310091972351074
2a_Hurink_sdata;7;589.999999940898;0.0;2;6615.0;1.5;1.5308923721313477
2a_Hurink_sdata;8;593.0;0.0;2;100122.0;12.246999979019165;12.278380870819092
2a_Hurink_sdata;9;925.9999996541802;0.25269978373819524;9;17116298.0;1800.0009999275208;1800.079377412796
2a_Hurink_sdata;10;889.9999988417572;0.3078651676385854;9;14112646.0;1800.0009999275208;1808.1890091896057
2a_Hurink_sdata;11;862.9999999135993;0.23406720733930816;9;17122621.0;1800.010999917984;1804.7440912723541
2a_Hurink_sdata;12;950.9999994512685;0.22607781238204475;9;15009583.0;1800.0139999389648;1807.7155153751373
2a_Hurink_sdata;13;957.9999997296302;0.27139874718476875;9;3839203.0;1800.029000043869;1806.9488258361816
2a_Hurink_sdata;14;1221.9999993253987;0.5350583220356959;9;7535997.0;1800.00200009346;1801.751426935196
2a_Hurink_sdata;15;1038.999998336012;0.4285429226274239;9;9667656.0;1800.013000011444;1804.9335057735443
2a_Hurink_sdata;16;1149.999999607793;0.4704347824280876;9;1816246.0;1800.0169999599457;1806.5466187000275
2a_Hurink_sdata;17;1291.9999830125491;0.5456656287012517;9;11378780.0;1800.0119998455048;1801.6207449436188
2a_Hurink_sdata;18;1206.9999987165065;0.4995857492607472;9;9637572.0;1800.0030000209808;1808.3609359264374
2a_Hurink_sdata;19;944.9999999999989;0.0;2;6342.0;2.1710000038146973;8.12310242652893
2a_Hurink_sdata;20;784.0;0.0;2;10111.0;2.8580000400543213;2.9368135929107666
2a_Hurink_sdata;21;847.9999999999848;0.0;2;3715.0;1.312000036239624;1.3746466636657715
2a_Hurink_sdata;22;841.9999999156958;0.0;2;6856.0;2.6720001697540283;2.733736753463745
2a_Hurink_sdata;23;901.9999999999998;0.0;2;5678.0;2.187000036239624;2.249474287033081
2a_Hurink_sdata;24;1055.9999998942997;0.12784090900361075;9;1163045.0;1800.0230000019073;1800.1788227558136
2a_Hurink_sdata;25;926.9999999071895;0.043149945966768334;9;5579887.0;1800.0370001792908;1800.4121062755585
2a_Hurink_sdata;26;1031.9999998966998;0.2354651162025423;9;486742.0;1800.0610001087189;1800.7951166629791
2a_Hurink_sdata;27;935.0;0.0;2;315744.0;720.6119999885559;721.0190198421478
2a_Hurink_sdata;28;977.0;0.0;2;4400748.0;1536.5079998970032;1536.68017411232
2a_Hurink_sdata;29;1217.9999998780975;0.24958949089369728;9;2951810.0;1800.0350000858307;1800.3164789676666
2a_Hurink_sdata;30;1254.9999998743933;0.33147410351874906;9;245171.0;1800.0520000457764;1802.4891564846039
2a_Hurink_sdata;31;1240.9999998757996;0.32473811435627264;9;185594.0;1800.0759999752045;1800.5602686405182
2a_Hurink_sdata;32;1233.9999998764997;0.3046050968154382;9;3078714.0;1800.039999961853;1800.4774177074432
2a_Hurink_sdata;33;1354.9999994414118;0.3453874536046798;9;249587.0;1800.0610001087189;1802.686015367508
2a_Hurink_sdata;34;1783.9999998214428;0.5384129031065684;9;105504.0;1800.0620000362396;1800.8890173435211
2a_Hurink_sdata;35;1849.999999814847;0.5329729729262319;9;144403.0;1800.0720000267029;1800.8214178085327
2a_Hurink_sdata;36;1718.9999994841287;0.5360814527212981;9;277976.0;1800.0929999351501;1800.8743543624878
2a_Hurink_sdata;37;1720.9999998277972;0.5456130156430873;9;1019222.0;1800.0540001392365;1800.991026878357
2a_Hurink_sdata;38;1887.9999998110716;0.5604004673682064;9;86765.0;1800.069000005722;1801.787173986435
2a_Hurink_sdata;39;1267.9999998730773;0.04258675069280955;9;223359.0;1800.101000070572;1800.5222778320312
2a_Hurink_sdata;40;1396.9999999999982;0.15318539727988437;9;2176095.0;1800.0400002002716;1800.3680515289307
2a_Hurink_sdata;41;1206.9999998791848;0.10190555086288029;9;684304.0;1800.0620000362396;1800.9834690093994
2a_Hurink_sdata;42;1232.9999998765998;0.06650446057161916;9;3205012.0;1800.0469999313354;1800.6252388954163
2a_Hurink_sdata;43;1234.9999998763988;0.1327935221804151;9;3704820.0;1800.0360000133514;1800.738621711731
2a_Hurink_sdata;44;1234.0;0.0;2;10689.0;10.013000011444092;11.809739828109741
2a_Hurink_sdata;45;943.0;0.0;2;2759.0;1.2339999675750732;1.3278136253356934
2a_Hurink_sdata;46;695.9999999302999;0.3118758243139797;9;76481.0;1800.0889999866486;1800.5884954929352
2a_Hurink_sdata;47;716.9999999281964;0.2900976289386701;9;1527849.0;1800.0350000858307;1800.6596865653992
2a_Hurink_sdata;48;717.0;0.25383542538354636;9;1746477.0;1800.0490000247955;1802.0178701877594
2a_Hurink_sdata;49;7038.0;0.0;2;479356.0;62.688000202178955;64.25057935714722
2a_Hurink_sdata;50;7166.0;0.0;2;12855968.0;1423.766000032425;1423.8128035068512
2a_Hurink_sdata;51;7311.999995270156;0.15098468216415387;9;17674474.0;1800.0099999904633;1800.0569250583649
2a_Hurink_sdata;52;8002.9999975987075;0.26689991231283444;9;14726616.0;1800.005000114441;1804.4103763103485
2a_Hurink_sdata;53;7702.0;0.0;2;477115.0;47.62899994850159;51.628560066223145
2a_Hurink_sdata;54;8312.999999168598;0.0;2;3672.0;5.560999870300293;5.608062267303467
2a_Hurink_sdata;55;6557.999999344097;0.0;2;2945.0;0.5149998664855957;0.5467469692230225
2a_Hurink_sdata;56;8264.0;0.0;2;36941.0;4.295000076293945;4.3271143436431885
2a_Hurink_sdata;57;1059.0;0.0;2;2328316.0;369.3050000667572;369.3668146133423
2a_Hurink_sdata;58;887.9999999999983;0.0;2;4505.0;1.7030000686645508;1.7808327674865723
2a_Hurink_sdata;59;1005.0;0.0;2;918767.0;176.1619999408722;176.24006748199463
2a_Hurink_sdata;60;1005.0;0.0;2;9219.0;17.183000087738037;17.261590242385864
2a_Hurink_sdata;61;886.9999999999987;0.0;2;24273.0;8.295000076293945;8.37304425239563
2a_Hurink_sdata;62;1010.0;0.0;2;190842.0;673.0009999275208;673.0787167549133
2a_Hurink_sdata;63;396.9999999999999;0.0;2;8881.0;9.497999906539917;9.57588791847229
2a_Hurink_sdata;64;899.0;0.0;2;601368.0;124.67400002479553;124.73647928237915
2a_Hurink_sdata;65;934.0;0.0;2;58174.0;13.700000047683716;13.762408018112183
2a_Hurink_sdata;66;943.9999999999998;0.0;2;5226.0;8.873000144958496;8.966659545898438
2b_Hurink_edata;1;54.99999999999949;0.0;2;1.0;0.15699982643127441;0.1874556541442871
2b_Hurink_edata;2;870.9999999999998;0.0;2;30552.0;9.388999938964844;9.466505289077759
2b_Hurink_edata;3;1124.0;0.5169039145907474;9;5450704.0;1800.016000032425;1800.1405143737793
2b_Hurink_edata;4;608.9999998779983;0.0;2;12108.0;5.9670000076293945;9.919554233551025
2b_Hurink_edata;5;654.9999999343927;0.0;2;17097.0;8.717000007629395;8.763575792312622
2b_Hurink_edata;6;550.0;0.0;2;33725.0;5.265000104904175;5.2956383228302
2b_Hurink_edata;7;568.0;0.0;2;4787.0;3.9670000076293945;4.014686107635498
2b_Hurink_edata;8;502.9999999495999;0.0;2;6098.0;1.9839999675750732;2.030776023864746
2b_Hurink_edata;9;832.9999998331903;0.29411764691746933;9;12357495.0;1800.0009999275208;1800.0791504383087
2b_Hurink_edata;10;761.9999999237;0.13123359571353532;9;12295975.0;1800.0049998760223;1805.3171107769012
2b_Hurink_edata;11;844.9999995769961;0.24142011796345292;9;14248822.0;1800.0030000209808;1805.4860343933105
2b_Hurink_edata;12;877.9999998241983;0.16856492010687052;9;14751145.0;1800.0009999275208;1806.9831070899963
2b_Hurink_edata;13;866.0;1.3157985945358307e-09;2;10010887.0;1404.3740000724792;1411.7002122402191
2b_Hurink_edata;14;1105.9999998892997;0.4457504520240908;9;9468126.0;1800.0009999275208;1800.125667333603
2b_Hurink_edata;15;959.999965296938;0.45312498023100284;9;8947926.0;1800.0060000419617;1807.114331960678
2b_Hurink_edata;16;1052.9999985907598;0.3969610628206774;9;7128427.0;1800.0120000839233;1806.573250055313
2b_Hurink_edata;17;1122.9999995693966;0.4612644699626168;9;9384691.0;1800.0009999275208;1804.8282680511475
2b_Hurink_edata;18;1110.9999488975513;0.5050115824990985;9;588912.0;1800.037999868393;1806.2389159202576
2b_Hurink_edata;19;891.9999999999992;0.0;2;3851.0;1.3589999675750732;1.8745670318603516
2b_Hurink_edata;20;707.0;0.0;2;310.0;1.6400001049041748;1.73396635055542
2b_Hurink_edata;21;842.0000000000007;0.0;2;6182.0;1.7809998989105225;1.874563455581665
2b_Hurink_edata;22;795.9999999202998;0.0;2;6464.0;2.7339999675750732;2.8118467330932617
2b_Hurink_edata;23;856.9999999999771;0.0;2;234.0;1.25;1.3278133869171143
2b_Hurink_edata;24;1040.9999998958;0.1440922189345;9;668704.0;1800.0649998188019;1800.2373926639557
2b_Hurink_edata;25;880.0;0.0;2;598759.0;279.9340000152588;280.4188485145569
2b_Hurink_edata;26;956.9999999041964;0.15882967598684733;9;5775741.0;1800.0209999084473;1800.2088866233826
2b_Hurink_edata;27;908.9999999089998;0.04180418032211663;9;700301.0;1800.0520000457764;1803.2694313526154
2b_Hurink_edata;28;936.0;0.0;2;2037035.0;734.3440001010895;734.6564581394196
2b_Hurink_edata;29;1147.9999998850974;0.2665505225746752;9;222043.0;1800.0720000267029;1800.4005870819092
2b_Hurink_edata;30;1253.9999999999018;0.3245614035087198;9;502231.0;1800.0540001392365;1800.5688035488129
2b_Hurink_edata;31;1190.999999880782;0.30310663301168583;9;594527.0;1800.0780000686646;1800.8588483333588
2b_Hurink_edata;32;1181.9999998817002;0.31108591713289047;9;299810.0;1800.0329999923706;1800.8452887535095
2b_Hurink_edata;33;1262.9999996840365;0.29532858256322353;9;198042.0;1800.0490000247955;1800.5792605876923
2b_Hurink_edata;34;1708.9999994864752;0.5242441894835533;9;121529.0;1800.12700009346;1801.0166928768158
2b_Hurink_edata;35;1809.999999818845;0.5182274681878797;9;246561.0;1800.0570001602173;1800.9316782951355
2b_Hurink_edata;36;1655.999999834299;0.5368357487459264;9;250091.0;1800.0519998073578;1801.0983760356903
2b_Hurink_edata;37;1692.9999998305366;0.5609962907381459;9;115625.0;1800.0830001831055;1801.0832409858704
2b_Hurink_edata;38;1761.9999996473136;0.4948921678898155;9;917877.0;1800.0490000247955;1800.9238586425781
2b_Hurink_edata;39;1160.0;0.0;2;944523.0;497.4539999961853;498.70327734947205
2b_Hurink_edata;40;1396.9999999999975;0.11524695776664284;9;1722889.0;1800.0510001182556;1800.4094905853271
2b_Hurink_edata;41;1147.9999998850997;0.07491289189347315;9;372214.0;1800.0490000247955;1800.7518231868744
2b_Hurink_edata;42;1184.0;1.0008474529624092e-10;2;100928.0;369.89800000190735;370.3665497303009
2b_Hurink_edata;43;1162.999999883561;0.10576096293712522;9;326967.0;1800.069000005722;1800.4129784107208
2b_Hurink_edata;44;1167.0;0.0;2;8581.0;3.811999797821045;4.077173233032227
2b_Hurink_edata;45;925.0;0.0;2;3460.0;1.811999797821045;1.8901820182800293
2b_Hurink_edata;46;654.9999999343958;0.26259541977347095;9;85166.0;1800.0700001716614;1800.6319439411163
2b_Hurink_edata;47;664.9999999999977;0.2526315789473657;9;989192.0;1800.0429999828339;1800.730723142624
2b_Hurink_edata;48;681.9999999999999;0.21700879765396047;9;153092.0;1800.0650000572205;1801.6586997509003
2b_Hurink_edata;49;6176.0;0.0;2;257609.0;50.28500008583069;50.503822326660156
2b_Hurink_edata;50;6334.9999993664005;0.09155485389493444;9;15481101.0;1800.0429999828339;1800.1048376560211
2b_Hurink_edata;51;6856.0;1.0001470208224539e-10;2;1613452.0;253.89400005340576;257.5960578918457
2b_Hurink_edata;52;7788.999994623743;0.2504814476788294;9;13955635.0;1800.0090000629425;1800.0715382099152
2b_Hurink_edata;53;7228.999999999993;0.0;2;12922.0;3.187000036239624;7.10771369934082
2b_Hurink_edata;54;7990.0;0.0;2;6357.0;1.3589999675750732;1.4215426445007324
2b_Hurink_edata;55;6122.999999999956;0.0;2;600.0;0.28099989891052246;0.29680395126342773
2b_Hurink_edata;56;7688.999999999709;0.0;2;7986.0;2.1089999675750732;2.155745506286621
2b_Hurink_edata;57;977.0;0.0;2;73844.0;29.461999893188477;29.539972066879272
2b_Hurink_edata;58;864.9999999999986;0.0;2;9730.0;3.171999931335449;3.249241828918457
2b_Hurink_edata;59;951.0;0.0;2;183058.0;47.73900008201599;47.816951751708984
2b_Hurink_edata;60;984.0000000000001;0.0;2;14292.0;24.19700002670288;24.27557682991028
2b_Hurink_edata;61;842.0;0.0;2;5149.0;5.577000141143799;5.670547723770142
2b_Hurink_edata;62;958.0;0.0;2;31124.0;33.00800013542175;33.086018562316895
2b_Hurink_edata;63;386.9999999999991;0.0;2;12403.0;9.23199987411499;9.310325145721436
2b_Hurink_edata;64;894.0;0.0;2;36116.0;26.088000059127808;26.1657612323761
2b_Hurink_edata;65;933.0;0.0;2;85007.0;22.884999990463257;22.979006052017212
2b_Hurink_edata;66;932.9999999065994;0.0;2;9635.0;24.41600012779236;24.494274854660034
2c_Hurink_rdata;1;47.0;0.0;2;1.0;0.03099989891052246;0.07814455032348633
2c_Hurink_rdata;2;685.9999999999992;0.0;2;4403.0;8.154000043869019;8.310532808303833
2c_Hurink_rdata;3;1025.9999998972814;0.5220110742608661;9;926813.0;1800.0199999809265;1800.3014254570007
2c_Hurink_rdata;4;572.9999999426001;0.18324607321661152;9;16079029.0;1800.0030000209808;1801.0179793834686
2c_Hurink_rdata;5;530.9999999467999;0.12429378522299876;9;12035969.0;1800.0019998550415;1807.8282010555267
2c_Hurink_rdata;6;478.99999995199994;0.20459290179920753;9;14462523.0;1800.0139999389648;1804.310010433197
2c_Hurink_rdata;7;502.9999999495967;0.1570576539910794;9;13239071.0;1800.0060000419617;1807.3326046466827
2c_Hurink_rdata;8;457.9999999081996;0.17030567668959326;9;7925173.0;1800.0060000419617;1806.051019668579
2c_Hurink_rdata;9;801.9999995152026;0.4476309223593676;9;4381190.0;1800.0009999275208;1803.750400543213
2c_Hurink_rdata;10;751.9999999999998;0.4308510638297881;9;5887034.0;1800.016000032425;1803.6098022460938
2c_Hurink_rdata;11;766.9999995908689;0.4823989566991308;9;1275221.0;1800.0479998588562;1805.3962771892548
2c_Hurink_rdata;12;855.9999994671392;0.42393693929547155;9;1320912.0;1800.0009999275208;1801.3290855884552
2c_Hurink_rdata;13;806.9999999191999;0.4349442378616401;9;5910488.0;1800.00200009346;1801.4384367465973
2c_Hurink_rdata;14;1072.9999993205674;0.5188400872734859;9;1036692.0;1800.0169999599457;1805.5312299728394
2c_Hurink_rdata;15;937.9999999060957;0.5047566598095834;9;716375.0;1800.0199999809265;1801.4103989601135
2c_Hurink_rdata;16;1043.999999895488;0.5593415642375145;9;817211.0;1800.023999929428;1801.0864281654358
2c_Hurink_rdata;17;1075.9999997845302;0.5861942200222703;9;820167.0;1800.0009999275208;1801.1728706359863
2c_Hurink_rdata;18;1101.9999998896892;0.462794918276534;9;1439657.0;1800.0009999275208;1801.1728401184082
2c_Hurink_rdata;19;717.0;0.0;2;1847.0;4.764000177383423;6.482860088348389
2c_Hurink_rdata;20;646.0;0.0;2;1.0;0.621999979019165;0.7786707878112793
2c_Hurink_rdata;21;666.0;0.0;2;1074.0;3.2799999713897705;3.4366955757141113
2c_Hurink_rdata;22;700.0;0.0;2;3185.0;8.85700011253357;9.02913784980774
2c_Hurink_rdata;23;756.0;0.0;2;1580.0;2.140000104904175;2.3119630813598633
2c_Hurink_rdata;24;849.9999999148921;0.1564705881508341;9;1926209.0;1800.0169999599457;1800.3918027877808
2c_Hurink_rdata;25;781.9999999216999;0.13938618917214032;9;593875.0;1800.0169999599457;1801.4227771759033
2c_Hurink_rdata;26;904.9999999093989;0.26740331484378954;9;419107.0;1800.0659999847412;1800.9096863269806
2c_Hurink_rdata;27;840.9999999157992;0.15338882274520174;9;2439794.0;1800.0009999275208;1800.8860003948212
2c_Hurink_rdata;28;805.9999999193;0.08684863514430353;9;1156455.0;1800.0169999599457;1802.8131132125854
2c_Hurink_rdata;29;1101.9999998896974;0.3493647912234422;9;1004188.0;1800.0319998264313;1801.3759491443634
2c_Hurink_rdata;30;1206.9999998791984;0.37365368676415617;9;552953.0;1800.0329999923706;1802.1101529598236
2c_Hurink_rdata;31;1131.999999999985;0.33215547703179327;9;975760.0;1800.1510000228882;1801.682590007782
2c_Hurink_rdata;32;1054.9999999999989;0.31469194312796134;9;983871.0;1800.0169999599457;1802.032047510147
2c_Hurink_rdata;33;1143.9999997709926;0.2884615383191019;9;1254396.0;1800.0480000972748;1801.9539382457733
2c_Hurink_rdata;34;1617.9999998380413;0.5173053151556388;9;21046.0;1800.0929999351501;1803.076515674591
2c_Hurink_rdata;35;1801.9999998196993;0.5666324457127769;9;129549.0;1800.0950000286102;1801.7040073871613
2c_Hurink_rdata;36;1598.9999998399996;0.5478424014556939;9;287149.0;1800.1099998950958;1801.8367700576782
2c_Hurink_rdata;37;1613.9999998384972;0.5579780697157665;9;21602.0;1800.1879999637604;1802.20388174057
2c_Hurink_rdata;38;1658.999999833936;0.5412899336490821;9;98649.0;1800.1419999599457;1801.7196199893951
2c_Hurink_rdata;39;1023.0;0.0;2;25505.0;139.96799993515015;140.82646942138672
2c_Hurink_rdata;40;1095.9999999999927;0.058394160583935976;9;1975540.0;1800.0209999084473;1800.6467270851135
2c_Hurink_rdata;41;954.0;0.0;2;70964.0;166.5860002040863;168.63244652748108
2c_Hurink_rdata;42;1017.9999998980988;0.029469548036445022;9;452439.0;1800.0640001296997;1800.6886167526245
2c_Hurink_rdata;43;976.9999999021999;0.022517911877586623;9;853874.0;1800.0320000648499;1800.8135495185852
2c_Hurink_rdata;44;954.0;0.0;2;77583.0;35.02300000190735;35.47605347633362
2c_Hurink_rdata;45;806.9999999999983;0.0;2;251.0;1.5;1.6714863777160645
2c_Hurink_rdata;46;576.0;0.24305555555555713;9;371609.0;1800.082999944687;1801.160504579544
2c_Hurink_rdata;47;580.9999999417912;0.21525429613551553;9;195490.0;1800.0639998912811;1801.4696805477142
2c_Hurink_rdata;48;576.0;0.1406250000000002;9;748633.0;1800.0629999637604;1801.4071636199951
2c_Hurink_rdata;49;5067.999999493093;0.29459352794838684;9;11731526.0;1800.0009999275208;1800.9697971343994
2c_Hurink_rdata;50;5987.9999994011;0.3610554441578717;9;12003964.0;1800.0009999275208;1806.6715877056122
2c_Hurink_rdata;51;5654.0;0.2941280509373895;9;10784747.0;1800.0009999275208;1808.0306351184845
2c_Hurink_rdata;52;6526.999999347199;0.3244982380203818;9;4868422.0;1800.0010001659393;1807.2651987075806
2c_Hurink_rdata;53;5651.999999434699;0.11712668073264523;9;10833652.0;1800.0010001659393;1803.500453710556
2c_Hurink_rdata;54;6146.99999938517;0.0;2;1086.0;2.078000068664551;6.764044523239136
2c_Hurink_rdata;55;4425.0;0.0;2;6804.0;1.687000036239624;1.7495911121368408
2c_Hurink_rdata;56;5692.0;0.0;2;9838.0;12.168999910354614;12.247138500213623
2c_Hurink_rdata;57;745.9999999999992;0.0;2;1148.0;3.187000036239624;3.3585903644561768
2c_Hurink_rdata;58;696.0;0.0;2;7459.0;11.309999942779541;11.481693744659424
2c_Hurink_rdata;59;712.0;0.0;2;11960.0;11.684999942779541;11.856603622436523
2c_Hurink_rdata;60;753.0;0.0;2;1054.0;3.687000036239624;3.842884063720703
2c_Hurink_rdata;61;638.9999999359994;0.0;2;9620.0;12.045000076293945;12.20027470588684
2c_Hurink_rdata;62;754.0;0.0;2;4098.0;9.154000043869019;9.325944900512695
2c_Hurink_rdata;63;302.0;0.0;2;66348.0;57.032999992370605;57.221004247665405
2c_Hurink_rdata;64;639.0;0.0;2;50245.0;57.56500005722046;57.752129793167114
2c_Hurink_rdata;65;693.9999999999984;0.0;2;994.0;2.015000104904175;2.186988115310669
2c_Hurink_rdata;66;742.0;0.0;2;93323.0;61.18899989128113;61.345041036605835
2d_Hurink_vdata;1;47.0;0.0;2;1.0;0.031999826431274414;0.10934948921203613
2d_Hurink_vdata;2;655.0;0.0;2;1.0;2.952000141143799;3.6085312366485596
2d_Hurink_vdata;3;1029.9999998968979;0.6242718446225842;9;1540961.0;1800.0159997940063;1800.5158398151398
2d_Hurink_vdata;4;570.9999999427981;0.2767075305755277;9;7375403.0;1800.0009999275208;1801.9226965904236
2d_Hurink_vdata;5;529.9999999468994;0.2566037735104249;9;7929423.0;1800.00200009346;1805.3281526565552
2d_Hurink_vdata;6;477.9999999520999;0.2635983262860383;9;7894261.0;1800.0009999275208;1805.3437724113464
2d_Hurink_vdata;7;502.99999994960046;0.24379694382037173;9;2286475.0;1800.016000032425;1804.8438885211945
2d_Hurink_vdata;8;458.99999995399435;0.17211328967736936;9;8589474.0;1800.0010001659393;1801.5477833747864
2d_Hurink_vdata;9;800.9999999197978;0.4494382021920674;9;3179626.0;1800.0009999275208;1804.781408071518
2d_Hurink_vdata;10;752.9999999245994;0.4648074368654002;9;4865596.0;1800.00200009346;1803.187996149063
2d_Hurink_vdata;11;766.9999999231999;0.5189048239413975;9;3002061.0;1800.00200009346;1804.8438549041748
2d_Hurink_vdata;12;855.9999999142995;0.5338785046262303;9;3104856.0;1800.0010001659393;1803.20361495018
2d_Hurink_vdata;13;805.9999999192969;0.45037220838169145;9;2915399.0;1800.0010001659393;1803.2973759174347
2d_Hurink_vdata;14;1073.9999998924961;0.6145251396262197;9;1477323.0;1800.0019998550415;1803.391104221344
2d_Hurink_vdata;15;940.9999998115976;0.566418703420098;9;1702719.0;1800.0169999599457;1802.1413974761963
2d_Hurink_vdata;16;1043.9999998954997;0.6206896551344463;9;1670345.0;1800.00200009346;1802.3756852149963
2d_Hurink_vdata;17;1072.9999998925828;0.5871388629596007;9;1871923.0;1800.0169999599457;1802.360104560852
2d_Hurink_vdata;18;1090.9999998907997;0.6425297891484547;9;1626478.0;1800.0169999599457;1802.5319290161133
2d_Hurink_vdata;19;716.9999999999994;0.0;2;1.0;2.0929999351501465;4.780136823654175
2d_Hurink_vdata;20;645.9999999999998;0.0;2;1.0;2.4210000038146973;3.1711041927337646
2d_Hurink_vdata;21;662.9999999999995;0.0;2;1.0;1.6710000038146973;2.4213106632232666
2d_Hurink_vdata;22;616.9999999999999;0.0;2;387.0;11.184999942779541;11.95033311843872
2d_Hurink_vdata;23;755.9999999999994;0.0;2;1.0;2.687000036239624;3.467942237854004
2d_Hurink_vdata;24;834.9999999163999;0.14131736518349114;9;411146.0;1800.1890001296997;1801.9226636886597
2d_Hurink_vdata;25;755.9999999242746;0.18121693113491796;9;387934.0;1800.0479998588562;1802.1726348400116
2d_Hurink_vdata;26;863.9999999999935;0.25925925925925464;9;386488.0;1800.0789999961853;1801.9539086818695
2d_Hurink_vdata;27;819.9999999999941;0.1414634146341411;9;353611.0;1800.0789999961853;1802.4382004737854
2d_Hurink_vdata;28;795.9999999999993;0.09170854271356721;9;300762.0;1800.0649998188019;1801.8770809173584
2d_Hurink_vdata;29;1114.9999998883993;0.3569506725813772;9;140341.0;1800.1169998645782;1803.4914102554321
2d_Hurink_vdata;30;1103.999999889497;0.378623188343602;9;147722.0;1800.133999824524;1803.4295501708984
2d_Hurink_vdata;31;1126.9999998872;0.32919254651671115;9;163397.0;1800.079999923706;1803.3130626678467
2d_Hurink_vdata;32;1037.9999998960873;0.30346820802275715;9;162152.0;1800.1260001659393;1803.312965631485
2d_Hurink_vdata;33;1097.999999999984;0.3387978142076411;9;153552.0;1800.1259999275208;1803.7660236358643
2d_Hurink_vdata;34;1604.9999998393853;0.5532710279926784;9;15366.0;1800.1579999923706;1807.3276534080505
2d_Hurink_vdata;35;1756.9999998241376;0.569721115494781;9;14652.0;1800.2669999599457;1806.984013080597
2d_Hurink_vdata;36;1546.9999999999989;0.5326438267614735;9;15975.0;1800.2039999961853;1806.905877828598
2d_Hurink_vdata;37;1638.999999835503;0.5997559487090671;9;12915.0;1800.1730000972748;1807.1401951313019
2d_Hurink_vdata;38;1650.9999999999934;0.6081162931556616;9;11372.0;1800.1730000972748;1807.155849456787
2d_Hurink_vdata;39;947.9999999999981;0.0;2;1.0;71.9980001449585;77.21633172035217
2d_Hurink_vdata;40;985.9999999999983;0.0;2;9881.0;260.5019998550415;265.5472939014435
2d_Hurink_vdata;41;942.9999999999981;0.0;2;264.0;74.49799990653992;79.48186349868774
2d_Hurink_vdata;42;921.9999999999993;0.0;2;4826.0;161.24500012397766;166.21082735061646
2d_Hurink_vdata;43;954.9999999999982;0.0;2;1.0;71.50600004196167;76.44210863113403
2d_Hurink_vdata;44;858.9999999999991;0.0;2;1406.0;8.467000007629395;9.232185363769531
2d_Hurink_vdata;45;742.0;0.0;2;1.0;3.374000072479248;3.99906587600708
2d_Hurink_vdata;46;566.9999999432001;0.27689594349017244;9;10633.0;1800.1419999599457;1808.967894077301
2d_Hurink_vdata;47;581.9999999999991;0.23883161512027373;9;21110.0;1800.1259999275208;1809.2648525238037
2d_Hurink_vdata;48;579.0000000000006;0.1934369602763393;9;20375.0;1800.2200000286102;1809.68647813797
2d_Hurink_vdata;49;5015.999999498266;0.34350079738249845;9;6322882.0;1800.0009999275208;1800.4386739730835
2d_Hurink_vdata;50;5932.999999406593;0.45373335575186946;9;9735225.0;1800.0009999275208;1804.7657825946808
2d_Hurink_vdata;51;5605.999999439298;0.38494470204337095;9;4529437.0;1800.0009999275208;1806.6559653282166
2d_Hurink_vdata;52;6515.999998044445;0.44551872297662465;9;2347650.0;1800.016000032425;1803.5004522800446
2d_Hurink_vdata;53;4954.999999504358;0.18526740657844287;9;5054120.0;1800.0009999275208;1802.0789093971252
2d_Hurink_vdata;54;5486.0;0.0;2;1.0;0.5150001049041748;3.717883825302124
2d_Hurink_vdata;55;4280.999999999985;0.0;2;1.0;0.4850001335144043;0.6248574256896973
2d_Hurink_vdata;56;4613.0;0.0;2;967.0;2.7960000038146973;3.046130895614624
2d_Hurink_vdata;57;694.9999999999994;0.0;2;1.0;1.1400001049041748;1.7964551448822021
2d_Hurink_vdata;58;620.0;0.0;2;1.0;3.187000036239624;3.827200412750244
2d_Hurink_vdata;59;647.9999999999995;0.0;2;1.0;4.233000040054321;4.936347246170044
2d_Hurink_vdata;60;752.9999999999991;0.0;2;1.0;1.8589999675750732;2.5931127071380615
2d_Hurink_vdata;61;583.9999999999994;0.0;2;1.0;4.732999801635742;5.483127117156982
2d_Hurink_vdata;62;714.9999999999998;0.0;2;1.0;1.0469999313354492;1.8120439052581787
2d_Hurink_vdata;63;275.0;0.0;2;2109.0;10.404000043869019;11.075505495071411
2d_Hurink_vdata;64;573.0;0.0;2;1.0;2.077000141143799;2.7493889331817627
2d_Hurink_vdata;65;659.0;0.0;2;1.0;2.1560001373291016;2.8430538177490234
2d_Hurink_vdata;66;680.9999999999995;0.0;2;1.0;1.2649998664855957;1.983882188796997
3_DPpaulli;1;2672.9999997325717;0.41264496814176366;9;342028.0;1800.0380001068115;1800.4600117206573
3_DPpaulli;2;2347.9999997650993;0.38366693787156875;9;208800.0;1800.0320000648499;1801.2041146755219
3_DPpaulli;3;2315.9999999999523;0.3989637305699358;9;229425.0;1800.0639998912811;1802.047667980194
3_DPpaulli;4;2700.999999729571;0.4283598666588001;9;345270.0;1800.0320000648499;1800.9541418552399
3_DPpaulli;5;2398.999999999968;0.40850354317499593;9;53094.0;1800.0639998912811;1801.2509455680847
3_DPpaulli;6;2315.99999976824;0.41968911911291323;9;60009.0;1800.0629999637604;1801.8445575237274
3_DPpaulli;7;2571.9999997426003;0.40124416790275386;9;74741.0;1800.0640001296997;1800.9854164123535
3_DPpaulli;8;2304.99999976938;0.3926247287895563;9;131758.0;1800.1019999980927;1802.5237934589386
3_DPpaulli;9;2219.999999999977;0.36936936936936143;9;12879.0;1800.1570000648499;1806.4528894424438
3_DPpaulli;10;2623.9999999999827;0.4247836891816342;9;241102.0;1800.0950000286102;1801.0479016304016
3_DPpaulli;11;2299.999999769894;0.4169565216807993;9;20842.0;1800.1730000972748;1802.8126130104065
3_DPpaulli;12;2463.9999999998918;0.46834415584413247;9;4952.0;1800.3129999637604;1806.3747820854187
3_DPpaulli;13;2548.999999744999;0.42354610410325166;9;21249.0;1800.1260001659393;1801.5790235996246
3_DPpaulli;14;2324.9999997674004;0.417634408543889;9;21095.0;1800.0950000286102;1805.125072002411
3_DPpaulli;15;2725.0000000000014;0.5031192660550461;9;5262.0;1800.2350001335144;1813.5293288230896
3_DPpaulli;16;2449.9999997548994;0.40530612238948743;9;41592.0;1800.0950000286102;1801.6414761543274
3_DPpaulli;17;2392.999999999536;0.45832339118374144;9;4842.0;1800.1259999275208;1805.2188031673431
3_DPpaulli;18;6964.999999999164;0.8149318018664529;9;630.0;1800.4069998264313;1813.5293266773224
4_ChambersBarnes;1;918.0;0.0;2;24014.0;30.555000066757202;30.805302143096924
4_ChambersBarnes;2;918.0;0.0;2;32883.0;44.38000011444092;44.45836138725281
4_ChambersBarnes;3;918.0;0.0;2;61276.0;19.058000087738037;19.151774644851685
4_ChambersBarnes;4;904.9999999999998;0.0;2;19832.0;15.184000015258789;15.262056827545166
4_ChambersBarnes;5;847.0;0.0;2;27378.0;6.499000072479248;6.576587915420532
4_ChambersBarnes;6;926.9999999071508;0.0;2;22751.0;21.697999954223633;21.776162147521973
4_ChambersBarnes;7;907.9999999999999;0.0;2;3878.0;8.02999997138977;8.107480764389038
4_ChambersBarnes;8;925.0;0.0;2;855031.0;369.26200008392334;369.41772413253784
4_ChambersBarnes;9;925.0;0.0;2;1536946.0;459.08000016212463;459.25206112861633
4_ChambersBarnes;10;925.0;0.0;2;738627.0;338.4059998989105;338.592755317688
4_ChambersBarnes;11;910.0;0.0;2;80611.0;85.74599981307983;85.93304657936096
4_ChambersBarnes;12;901.9999999096999;0.0;2;20712.0;43.78700017929077;43.98972821235657
4_ChambersBarnes;13;914.0;0.0;2;65296.0;114.98800015449524;115.16058921813965
4_ChambersBarnes;14;907.0;0.0;2;63263.0;67.53099989891052;67.73417091369629
4_ChambersBarnes;15;1200.9999998797537;0.12156536211021769;9;222306.0;1800.0480000972748;1800.3761804103851
4_ChambersBarnes;16;1207.999999879098;0.15420056766362297;9;131405.0;1800.1100001335144;1800.516741514206
4_ChambersBarnes;17;1196.999999999998;0.09927506939391348;9;156377.0;1800.0789999961853;1800.5167407989502
4_ChambersBarnes;18;1135.0;0.0;2;203949.0;1626.8389999866486;1627.2135183811188
4_ChambersBarnes;19;1124.9999998873998;0.06222222212835929;9;183935.0;1800.12700009346;1800.485523223877
4_ChambersBarnes;20;1169.999999999997;0.06837606837606641;9;703616.0;1800.0789999961853;1800.4230127334595
4_ChambersBarnes;21;1135.0;0.0;2;203949.0;1623.2610001564026;1623.870519399643
5_Kacem;1;11.0;0.0;2;1.0;0.032000064849853516;0.09375977516174316
5_Kacem;2;11.0;0.0;2;1.0;0.09300017356872559;0.2811861038208008
5_Kacem;3;7.0;0.0;2;1.0;0.15599989891052246;0.4529869556427002
5_Kacem;4;10.99999899989888;0.09090900825609825;9;707048.0;1800.0329999923706;1801.047868013382
6_Fattahi;1;66.0;0.0;2;0.0;0.016000032424926758;0.3905344009399414
6_Fattahi;2;107.0;0.0;2;0.0;0.016000032424926758;0.015621185302734375
6_Fattahi;3;220.99999999999955;0.0;2;1.0;0.015999794006347656;0.031241416931152344
6_Fattahi;4;354.99999999999943;0.0;2;1.0;0.015000104904174805;0.03126358985900879
6_Fattahi;5;119.0;0.0;2;1.0;0.03099989891052246;0.03125452995300293
6_Fattahi;6;319.99999999999943;0.0;2;1.0;0.016000032424926758;0.01562190055847168
6_Fattahi;7;397.0;0.0;2;1.0;0.015999794006347656;0.01559758186340332
6_Fattahi;8;253.0;0.0;2;1.0;0.016000032424926758;0.03127479553222656
6_Fattahi;9;210.0;0.0;2;1.0;0.014999866485595703;0.015592336654663086
6_Fattahi;10;515.9999999999985;0.0;2;1.0;0.016000032424926758;0.03124833106994629
6_Fattahi;11;467.99999999999153;0.0;2;264.0;0.06299996376037598;0.07810640335083008
6_Fattahi;12;445.9999999999999;0.0;2;1034.0;0.17199993133544922;0.1874551773071289
6_Fattahi;13;465.9999999999992;0.0;2;2160.0;0.312000036239624;0.3280491828918457
6_Fattahi;14;554.0;0.0;2;8215.0;1.3270001411437988;1.3590569496154785
6_Fattahi;15;514.0;0.0;2;1514.0;0.35899996757507324;0.3749096393585205
6_Fattahi;16;634.0;0.0;2;84328.0;12.10700011253357;12.141869068145752
6_Fattahi;17;879.0;0.0;2;93502.0;16.433000087738037;16.46489953994751
6_Fattahi;18;884.0;0.0;2;5883870.0;705.9449999332428;705.9912819862366
6_Fattahi;19;1079.999999891898;0.1703703702873292;9;2733911.0;1800.0320000648499;1800.0949969291687
6_Fattahi;20;1213.9999998784995;0.14827018113386706;9;11696209.0;1800.0009999275208;1801.1103873252869
