Source;Instance;Runtime;Function-Evaluations;Generations;Restarts;Best-Fitness;Adjustable
--------------------------------------------------------
20% ELITISM, TOURNAMENT SELECTION
--------------------------------------------------------
5_Kacem;1;0.43139123916625977;4870;188;1;11;True
5_Kacem;1;0.5836086273193359;6870;220;1;11;True
5_Kacem;1;1.4184961318969727;15445;335;2;11;True
5_Kacem;1;0.538987398147583;6010;194;1;11;True
5_Kacem;1;0.48343944549560547;5550;191;1;11;True
5_Kacem;1;0.8619716167449951;8925;232;2;11;True
5_Kacem;1;0.18016409873962402;2265;113;0;11;True
5_Kacem;1;0.9520924091339111;10125;276;2;11;True
5_Kacem;1;0.1191096305847168;1425;71;0;11;True
5_Kacem;1;0.12774109840393066;1565;78;0;11;True
5_Kacem;1;0.1141047477722168;1425;71;0;11;True
5_Kacem;1;0.028027057647705078;265;13;0;11;True
5_Kacem;1;0.9601423740386963;9805;247;2;11;True
5_Kacem;1;0.05404806137084961;585;29;0;11;True
5_Kacem;1;1.003185749053955;10725;297;2;11;True
5_Kacem;1;0.6044621467590332;7210;259;1;11;True
5_Kacem;1;0.49653005599975586;6010;206;1;11;True
5_Kacem;1;0.42650389671325684;5070;185;1;11;True
5_Kacem;1;0.18016386032104492;2125;106;0;11;True
5_Kacem;1;0.23421216011047363;2945;147;0;11;True
5_Kacem;1;0.45641446113586426;5390;179;1;11;True
5_Kacem;1;0.8222744464874268;8465;228;2;11;True
5_Kacem;1;0.1311190128326416;1645;82;0;11;True
5_Kacem;1;0.057051658630371094;565;28;0;11;True
5_Kacem;1;0.636577844619751;7730;243;1;11;True
5_Kacem;1;0.02902674674987793;285;14;0;11;True
5_Kacem;1;0.7819702625274658;9750;304;1;11;True
5_Kacem;1;1.3779914379119873;14665;367;2;11;True
5_Kacem;1;0.4824869632720947;5730;184;1;11;True
5_Kacem;1;1.009239912033081;10605;266;2;11;True
5_Kacem;1;0.25199246406555176;4150;143;1;11;False
5_Kacem;1;0.07006311416625977;1445;72;0;11;False
5_Kacem;1;0.05805325508117676;1165;58;0;11;False
5_Kacem;1;0.37978148460388184;7030;238;1;11;False
5_Kacem;1;0.03603243827819824;665;33;0;11;False
5_Kacem;1;0.06906342506408691;1425;71;0;11;False
5_Kacem;1;0.3643331527709961;6750;223;1;11;False
5_Kacem;1;0.14713311195373535;3125;156;0;11;False
5_Kacem;1;0.029025793075561523;445;22;0;11;False
5_Kacem;1;0.056050777435302734;1105;55;0;11;False
5_Kacem;1;0.2752506732940674;4690;175;1;11;False
5_Kacem;1;0.07807064056396484;1585;79;0;11;False
5_Kacem;1;0.3393082618713379;6030;211;1;11;False
5_Kacem;1;0.28125452995300293;4790;163;1;11;False
5_Kacem;1;0.1461331844329834;3045;152;0;11;False
5_Kacem;1;0.37033605575561523;6790;228;1;11;False
5_Kacem;1;0.08007216453552246;1665;83;0;11;False
5_Kacem;1;0.08808088302612305;1765;88;0;11;False
5_Kacem;1;0.44640588760375977;8070;269;1;11;False
5_Kacem;1;0.054049015045166016;1025;51;0;11;False
5_Kacem;1;0.05004596710205078;885;44;0;11;False
5_Kacem;1;0.39235591888427734;6950;232;1;11;False
5_Kacem;1;0.08007287979125977;1605;80;0;11;False
5_Kacem;1;0.07106590270996094;1325;66;0;11;False
5_Kacem;1;0.3292994499206543;5630;181;1;11;False
5_Kacem;1;0.32175564765930176;5570;171;1;11;False
5_Kacem;1;0.10709786415100098;2185;109;0;11;False
5_Kacem;1;0.10609626770019531;1685;84;0;11;False
5_Kacem;1;0.04403972625732422;725;36;0;11;False
5_Kacem;1;0.05104804039001465;965;48;0;11;False
5_Kacem;4;1800.142251253128;1990425;5559;34;17;True
5_Kacem;4;1800.42786860466;2030730;5643;33;17;True
5_Kacem;4;1800.2004506587982;1973120;5484;35;16;True
5_Kacem;4;1800.2055144309998;2023535;5729;32;18;True
5_Kacem;4;1800.5684113502502;2062295;5690;32;15;True
5_Kacem;4;1800.3233530521393;2065835;5689;32;17;True
5_Kacem;4;1800.2690963745117;1955285;5531;34;17;True
5_Kacem;4;1800.0069682598114;1968505;5431;34;18;True
5_Kacem;4;1800.0352773666382;2027810;5555;33;17;True
5_Kacem;4;1800.1124658584595;2085875;5856;32;17;True
5_Kacem;4;1800.2812194824219;1997790;5560;33;18;True
5_Kacem;4;1800.0477216243744;1993105;5648;34;17;True
5_Kacem;4;1800.1750905513763;1959985;5515;34;17;True
5_Kacem;4;1800.1983058452606;2092915;5850;32;17;True
6_Fattahi;10;0.13076496124267578;1405;70;0;516;True
6_Fattahi;10;0.041919708251953125;85;4;0;516;True
6_Fattahi;10;0.10709452629089355;1065;53;0;516;True
6_Fattahi;10;0.03727126121520996;165;8;0;516;True
6_Fattahi;10;0.094085693359375;945;47;0;516;True
6_Fattahi;10;0.035683393478393555;145;7;0;516;True
6_Fattahi;10;0.06305670738220215;525;26;0;516;True
6_Fattahi;10;0.0370330810546875;85;4;0;516;True
6_Fattahi;10;0.039034366607666016;165;8;0;516;True
6_Fattahi;10;0.03203010559082031;105;5;0;516;True
6_Fattahi;10;0.039035797119140625;145;7;0;516;True
6_Fattahi;10;0.09008240699768066;845;42;0;516;True
6_Fattahi;10;0.05878424644470215;465;23;0;516;True
6_Fattahi;10;0.0320284366607666;105;5;0;516;True
6_Fattahi;10;0.12025761604309082;1265;63;0;516;True
6_Fattahi;10;0.05339670181274414;365;18;0;516;True
6_Fattahi;10;0.0270235538482666;25;1;0;516;True
6_Fattahi;10;0.14920616149902344;1685;84;0;516;True
6_Fattahi;10;0.07106256484985352;585;29;0;516;True
6_Fattahi;10;0.15542912483215332;1705;85;0;516;True
6_Fattahi;10;0.08263635635375977;725;36;0;516;True
6_Fattahi;10;0.03992152214050293;185;9;0;516;True
6_Fattahi;10;0.03403115272521973;105;5;0;516;True
6_Fattahi;10;0.03903508186340332;185;9;0;516;True
6_Fattahi;10;0.16739463806152344;1865;93;0;516;True
6_Fattahi;10;0.0505518913269043;325;16;0;516;True
6_Fattahi;10;0.03494071960449219;125;6;0;516;True
6_Fattahi;10;0.06505894660949707;285;14;0;516;True
6_Fattahi;10;0.031028032302856445;65;3;0;516;True
6_Fattahi;10;0.05604982376098633;405;20;0;516;True
6_Fattahi;10;0.04003739356994629;305;15;0;516;False
6_Fattahi;10;0.02902698516845703;85;4;0;516;False
6_Fattahi;10;0.02902698516845703;65;3;0;516;False
6_Fattahi;10;0.06305718421936035;845;42;0;516;False
6_Fattahi;10;0.029025793075561523;85;4;0;516;False
6_Fattahi;10;0.02902674674987793;85;4;0;516;False
6_Fattahi;10;0.031027793884277344;125;6;0;516;False
6_Fattahi;10;0.05304884910583496;585;29;0;516;False
6_Fattahi;10;0.032029151916503906;125;6;0;516;False
6_Fattahi;10;0.09208345413208008;1425;71;0;516;False
6_Fattahi;10;0.09478211402893066;1525;76;0;516;False
6_Fattahi;10;0.028025388717651367;65;3;0;516;False
6_Fattahi;10;0.03402972221374512;225;11;0;516;False
6_Fattahi;10;0.06505870819091797;925;46;0;516;False
6_Fattahi;10;0.07707023620605469;1205;60;0;516;False
6_Fattahi;10;0.03678536415100098;265;13;0;516;False
6_Fattahi;10;0.03102731704711914;145;7;0;516;False
6_Fattahi;10;0.03503084182739258;225;11;0;516;False
6_Fattahi;10;0.03503131866455078;225;11;0;516;False
6_Fattahi;10;0.032029151916503906;145;7;0;516;False
6_Fattahi;10;0.03603243827819824;225;11;0;516;False
6_Fattahi;10;0.02702617645263672;25;1;0;516;False
6_Fattahi;10;0.042037248611450195;365;18;0;516;False
6_Fattahi;10;0.04003572463989258;305;15;0;516;False
6_Fattahi;10;0.03602862358093262;225;11;0;516;False
6_Fattahi;10;0.029025554656982422;65;3;0;516;False
6_Fattahi;10;0.05805158615112305;725;36;0;516;False
6_Fattahi;10;0.03102731704711914;125;6;0;516;False
6_Fattahi;10;0.030026912689208984;105;5;0;516;False
6_Fattahi;10;0.06605982780456543;885;44;0;516;False
6_Fattahi;15;14.729708671569824;59855;628;4;514;True
6_Fattahi;15;148.79810905456543;526120;1939;11;514;True
6_Fattahi;15;27.26834535598755;93910;760;5;514;True
6_Fattahi;15;67.35578536987305;244240;1067;7;514;True
6_Fattahi;15;7.588099002838135;42900;651;3;514;True
6_Fattahi;15;80.46721696853638;279375;1146;8;514;True
6_Fattahi;15;181.7942488193512;617630;2170;13;514;True
6_Fattahi;15;27.44852900505066;95370;806;5;514;True
6_Fattahi;15;174.36290502548218;532725;1806;14;514;True
6_Fattahi;15;132.67411279678345;437400;1675;11;514;True
6_Fattahi;15;97.2447247505188;373755;1461;8;514;True
6_Fattahi;15;107.25142455101013;389270;1535;9;514;True
6_Fattahi;15;35.891658306121826;149750;938;5;514;True
6_Fattahi;15;63.8144006729126;228460;1138;7;514;True
6_Fattahi;15;43.95289754867554;152065;889;6;514;True
6_Fattahi;15;89.3687334060669;289110;1364;9;514;True
6_Fattahi;15;90.21244931221008;290530;1236;9;514;True
6_Fattahi;15;167.73687362670898;546610;1879;13;514;True
6_Fattahi;15;13.647673606872559;53835;672;4;514;True
6_Fattahi;15;62.72317624092102;217100;1059;7;514;True
6_Fattahi;15;312.088330745697;1018260;3033;19;514;True
6_Fattahi;15;47.73536443710327;174765;1078;6;514;True
6_Fattahi;15;34.71733641624451;137750;845;5;514;True
6_Fattahi;15;35.695611000061035;144670;837;5;514;True
6_Fattahi;15;20.027607202529907;95955;910;4;514;True
6_Fattahi;15;114.19140362739563;380905;1403;10;514;True
6_Fattahi;15;94.56491136550903;317370;1424;9;514;True
6_Fattahi;15;14.342470169067383;57975;607;4;514;True
6_Fattahi;15;88.63831901550293;283970;1257;9;514;True
6_Fattahi;15;412.23398447036743;1217670;3744;25;514;True
6_Fattahi;15;61.90458536148071;252155;1224;8;514;False
6_Fattahi;15;198.47955012321472;796795;2495;16;514;False
6_Fattahi;15;493.5995988845825;1661075;4625;32;514;False
6_Fattahi;15;11.978513717651367;64855;686;4;514;False
6_Fattahi;15;38.771796464920044;172885;927;6;514;False
6_Fattahi;15;253.04613828659058;945015;2870;20;514;False
6_Fattahi;15;106.96108818054199;437540;1567;11;514;False
6_Fattahi;15;1.8695333003997803;17085;410;2;514;False
6_Fattahi;15;58.78052520751953;226735;1095;8;514;False
6_Fattahi;15;67.73609018325806;302055;1260;8;514;False
6_Fattahi;15;83.46516060829163;362670;1425;9;514;False
6_Fattahi;15;12.039330005645752;64895;665;4;514;False
6_Fattahi;15;57.97715091705322;275740;1266;7;514;False
6_Fattahi;15;40.169249296188354;189785;1020;6;514;False
6_Fattahi;15;63.986220836639404;252875;1085;8;514;False
6_Fattahi;15;38.777100563049316;167385;869;6;514;False
6_Fattahi;15;43.37197470664978;221385;1273;6;514;False
6_Fattahi;15;305.20035004615784;1135605;3366;22;514;False
6_Fattahi;15;112.3537449836731;482920;1795;11;514;False
6_Fattahi;15;37.633704662323;161845;879;6;514;False
6_Fattahi;15;10.5040864944458;50515;672;4;514;False
6_Fattahi;15;10.546915531158447;50115;579;4;514;False
6_Fattahi;15;76.49462580680847;299670;1294;9;514;False
6_Fattahi;15;35.087942123413086;147845;936;6;514;False
6_Fattahi;15;86.95938777923584;399610;1630;9;514;False
6_Fattahi;15;5.0980072021484375;40340;692;3;514;False
6_Fattahi;15;4.3226478099823;31460;596;3;514;False
6_Fattahi;15;4.378307819366455;30560;447;3;514;False
6_Fattahi;15;42.59810209274292;213125;1179;6;514;False
6_Fattahi;15;4.811755418777466;36020;544;3;514;False
1_Brandimarte;1;573.5074038505554;630270;2091;17;40;True
1_Brandimarte;1;110.60313606262207;134745;795;6;40;True
1_Brandimarte;1;1005.8498413562775;1038045;3115;26;40;True
1_Brandimarte;1;15.157570600509644;26320;487;3;40;True
1_Brandimarte;1;70.71647024154663;88930;745;5;40;True
1_Brandimarte;1;388.7424302101135;432810;1536;13;40;True
1_Brandimarte;1;16.329845666885376;28540;481;3;40;True
1_Brandimarte;1;613.7510085105896;665565;2125;18;40;True
1_Brandimarte;1;316.5735328197479;367040;1429;11;40;True
1_Brandimarte;1;318.7905628681183;370180;1367;11;40;True
1_Brandimarte;1;377.450496673584;446595;1516;12;40;True
1_Brandimarte;1;520.8942255973816;575900;1853;15;40;True
1_Brandimarte;1;189.32757186889648;218315;1033;8;40;True
1_Brandimarte;1;413.42153310775757;461970;1657;13;40;True
1_Brandimarte;1;836.2371520996094;874965;2643;22;40;True
1_Brandimarte;1;247.79905676841736;282970;1228;9;40;True
1_Brandimarte;1;209.73668503761292;246255;1072;8;40;True
1_Brandimarte;1;510.1474335193634;544140;1929;15;40;True
1_Brandimarte;1;161.91600441932678;195200;1029;7;40;True
1_Brandimarte;1;115.96546912193298;136945;803;6;40;True
1_Brandimarte;1;36.62098503112793;48355;671;4;40;True
1_Brandimarte;1;7.165471076965332;14045;319;2;40;True
1_Brandimarte;1;377.7248058319092;410595;1498;12;40;True
1_Brandimarte;1;545.4792256355286;580535;1936;16;40;True
1_Brandimarte;1;589.2265748977661;616630;1946;17;40;True
1_Brandimarte;1;83.37430000305176;105270;760;5;40;True
1_Brandimarte;1;1456.3308296203613;1375210;3847;33;40;True
1_Brandimarte;1;45.42538499832153;64395;672;4;40;True
1_Brandimarte;1;16.563568115234375;26900;458;3;40;True
1_Brandimarte;1;71.87353301048279;80770;669;5;40;True
1_Brandimarte;1;1800.109159708023;1994890;5401;45;42;False
1_Brandimarte;1;1801.082849264145;1956685;5366;46;42;False
1_Brandimarte;1;1805.6606738567352;1993945;5370;46;42;False
1_Brandimarte;1;1800.344435930252;1955825;5292;46;42;False
1_Brandimarte;1;94.97032499313354;169585;940;6;40;False
1_Brandimarte;1;1800.2560954093933;2008360;5377;47;42;False
1_Brandimarte;1;1812.249959230423;1898550;5155;45;42;False
1_Brandimarte;1;1409.1277112960815;1506480;4154;35;40;False
1_Brandimarte;1;528.9888920783997;683190;2181;17;40;False
1_Brandimarte;1;1814.2320456504822;1974265;5364;46;41;False
1_Brandimarte;1;1812.8572449684143;1982185;5389;46;42;False
1_Brandimarte;1;1800.033599615097;1986110;5402;45;41;False
1_Brandimarte;1;644.2275893688202;860810;2670;21;40;False
1_Brandimarte;1;889.441956281662;1118720;3251;27;40;False
1_Brandimarte;1;226.79898977279663;343265;1408;10;40;False
1_Brandimarte;1;1390.52659034729;1580905;4429;38;40;False
1_Brandimarte;1;669.3678953647614;833675;2509;20;40;False
1_Brandimarte;1;1079.4066288471222;1265045;3552;30;40;False
1_Brandimarte;1;580.8798134326935;756255;2324;20;40;False
1_Brandimarte;1;1709.9239220619202;1912280;5196;43;40;False
1_Brandimarte;1;181.9225206375122;266510;1136;9;40;False
1_Brandimarte;1;1497.9503881931305;1726820;4697;39;40;False
1_Brandimarte;1;368.64339208602905;523685;1905;14;40;False
1_Brandimarte;1;1805.7019300460815;2001385;5373;46;41;False
1_Brandimarte;1;984.4695041179657;1228830;3584;29;40;False
1_Brandimarte;1;1800.0907475948334;1969545;5363;46;41;False
1_Brandimarte;1;876.122400522232;1099920;3322;27;40;False
1_Brandimarte;1;373.245920419693;511445;1767;14;40;False
1_Brandimarte;1;358.6126775741577;497410;1866;13;40;False
1_Brandimarte;1;280.2759847640991;377340;1410;11;40;False
1_Brandimarte;11;101.94483518600464;29780;538;3;648;True
1_Brandimarte;11;45.95397663116455;14485;354;2;644;True
1_Brandimarte;11;34.88438439369202;10465;273;2;649;True
1_Brandimarte;11;49.46548414230347;16025;401;2;647;True
1_Brandimarte;11;4.4224700927734375;1605;80;0;649;True
1_Brandimarte;11;44.175023794174194;13725;431;2;646;True
1_Brandimarte;11;3.305903434753418;1185;59;0;649;True
1_Brandimarte;11;98.52146601676941;28460;537;3;643;True
1_Brandimarte;11;16.169995546340942;5370;193;1;648;True
1_Brandimarte;11;45.932276010513306;14565;431;2;648;True
1_Brandimarte;11;19.962703943252563;6830;251;1;646;True
1_Brandimarte;11;104.38710904121399;30820;575;3;639;True
1_Brandimarte;11;22.686697244644165;7830;252;1;648;True
1_Brandimarte;11;99.91328501701355;28780;548;3;644;True
1_Brandimarte;11;91.65998148918152;25660;556;3;649;True
1_Brandimarte;11;18.16741919517517;6090;208;1;648;True
1_Brandimarte;11;95.92408895492554;27200;468;3;647;True
1_Brandimarte;11;23.775012731552124;8370;302;1;649;True
1_Brandimarte;11;18.09232807159424;6130;193;1;648;True
1_Brandimarte;11;47.288787603378296;15145;396;2;646;True
1_Brandimarte;11;52.60433101654053;17065;392;2;649;True
1_Brandimarte;11;96.6709794998169;27880;565;3;646;True
1_Brandimarte;11;17.068714141845703;5810;252;1;649;True
1_Brandimarte;11;59.64811563491821;19845;499;2;649;True
1_Brandimarte;11;92.97845268249512;26220;495;3;647;True
1_Brandimarte;11;42.58480405807495;13265;346;2;649;True
1_Brandimarte;11;7.140603065490723;2665;133;0;644;True
1_Brandimarte;11;115.48273587226868;34380;584;3;645;True
1_Brandimarte;11;111.99027609825134;33340;569;3;649;True
1_Brandimarte;11;40.31195092201233;12305;321;2;643;True
1_Brandimarte;11;14.149765491485596;8590;291;1;649;False
1_Brandimarte;11;59.76636791229248;28560;502;3;648;False
1_Brandimarte;11;65.6224672794342;32560;694;3;645;False
1_Brandimarte;11;63.41195106506348;31080;601;3;649;False
1_Brandimarte;11;11.068993091583252;6530;221;1;649;False
1_Brandimarte;11;4.1496477127075195;2845;142;0;648;False
1_Brandimarte;11;29.683764696121216;16485;385;2;645;False
1_Brandimarte;11;3.8729605674743652;2645;132;0;647;False
1_Brandimarte;11;68.74504613876343;34580;555;3;647;False
1_Brandimarte;11;31.802916049957275;17065;443;2;649;False
1_Brandimarte;11;60.88824725151062;29040;507;3;646;False
1_Brandimarte;11;40.53117513656616;23745;598;2;646;False
1_Brandimarte;11;32.48930263519287;18205;413;2;646;False
1_Brandimarte;11;58.20150876045227;27460;529;3;649;False
1_Brandimarte;11;73.75459337234497;38520;708;3;647;False
1_Brandimarte;11;71.7413022518158;36920;662;3;643;False
1_Brandimarte;11;11.31558346748352;6690;241;1;649;False
1_Brandimarte;11;28.493112802505493;15665;392;2;647;False
1_Brandimarte;11;28.86047625541687;16025;426;2;649;False
1_Brandimarte;11;59.378833293914795;28580;566;3;648;False
1_Brandimarte;11;2.3127667903900146;1525;76;0;648;False
1_Brandimarte;11;66.62436938285828;33360;548;3;645;False
1_Brandimarte;11;4.345124244689941;2985;149;0;647;False
1_Brandimarte;11;16.922791004180908;10710;383;1;644;False
1_Brandimarte;11;29.21485686302185;16085;411;2;648;False
1_Brandimarte;11;15.346190452575684;9550;330;1;648;False
1_Brandimarte;11;81.82947850227356;43260;619;3;646;False
1_Brandimarte;11;14.917140245437622;9330;348;1;647;False
1_Brandimarte;11;3.9946234226226807;2765;138;0;649;False
1_Brandimarte;11;13.536187887191772;8330;335;1;649;False
--------------------------------------------------------
NO ELITISM, NO TOURNAMENT SCALING SELECTION
--------------------------------------------------------
5_Kacem;1;0.07206559181213379;805;40;0;11;True
5_Kacem;1;0.48894834518432617;5550;176;1;11;True
5_Kacem;1;0.11310529708862305;1305;65;0;11;True
5_Kacem;1;1.017944097518921;10425;244;2;11;True
5_Kacem;1;0.12011313438415527;1445;72;0;11;True
5_Kacem;1;0.11510467529296875;1405;70;0;11;True
5_Kacem;1;2.1451845169067383;18000;326;3;11;True
5_Kacem;1;0.33934807777404785;3710;132;1;11;True
5_Kacem;1;0.12186241149902344;1405;70;0;11;True
5_Kacem;1;0.3984713554382324;4570;166;1;11;True
5_Kacem;1;0.38543272018432617;4350;173;1;11;True
5_Kacem;1;0.1963510513305664;2285;114;0;11;True
5_Kacem;1;0.06806302070617676;725;36;0;11;True
5_Kacem;1;0.14512920379638672;1665;83;0;11;True
5_Kacem;1;0.6245837211608887;6370;205;1;11;True
5_Kacem;1;0.4774351119995117;5590;207;1;11;True
5_Kacem;1;0.1311197280883789;1585;79;0;11;True
5_Kacem;1;1.0108997821807861;10485;280;2;11;True
5_Kacem;1;0.5174729824066162;6090;221;1;11;True
5_Kacem;1;1.0312283039093018;10685;279;2;11;True
5_Kacem;1;0.4169893264770508;4770;169;1;11;True
5_Kacem;1;0.43439340591430664;4950;172;1;11;True
5_Kacem;1;0.07827925682067871;865;43;0;11;True
5_Kacem;1;0.07206845283508301;785;39;0;11;True
5_Kacem;1;0.09808731079101562;1145;57;0;11;True
5_Kacem;1;0.5916805267333984;6810;239;1;11;True
5_Kacem;1;0.6499462127685547;7450;236;1;11;True
5_Kacem;1;0.4587697982788086;5230;166;1;11;True
5_Kacem;1;0.2326521873474121;2885;144;0;11;True
5_Kacem;1;0.0419917106628418;425;21;0;11;True
5_Kacem;1;0.30400872230529785;5310;198;1;11;False
5_Kacem;1;0.27401232719421387;4510;149;1;11;False
5_Kacem;1;0.03137493133544922;465;23;0;11;False
5_Kacem;1;0.6791262626647949;9705;278;2;11;False
5_Kacem;1;0.6175825595855713;8505;225;2;11;False
5_Kacem;1;0.3613283634185791;6430;222;1;11;False
5_Kacem;1;0.04303884506225586;765;38;0;11;False
5_Kacem;1;0.6524062156677246;9105;229;2;11;False
5_Kacem;1;0.027023792266845703;425;21;0;11;False
5_Kacem;1;0.6115622520446777;8445;216;2;11;False
5_Kacem;1;0.408372163772583;7270;221;1;11;False
5_Kacem;1;0.15962433815002441;3385;169;0;11;False
5_Kacem;1;1.5982954502105713;18700;331;3;11;False
5_Kacem;1;0.06305694580078125;1125;56;0;11;False
5_Kacem;1;0.05304670333862305;1005;50;0;11;False
5_Kacem;1;0.34569454193115234;6050;195;1;11;False
5_Kacem;1;0.07526731491088867;1545;77;0;11;False
5_Kacem;1;0.2313065528869629;3570;128;1;11;False
5_Kacem;1;0.2772510051727295;4650;170;1;11;False
5_Kacem;1;0.3052971363067627;5130;171;1;11;False
5_Kacem;1;0.057051658630371094;1025;51;0;11;False
5_Kacem;1;0.08207345008850098;1665;83;0;11;False
5_Kacem;1;0.056559085845947266;1105;55;0;11;False
5_Kacem;1;0.40537309646606445;7270;237;1;11;False
5_Kacem;1;0.09159326553344727;1785;89;0;11;False
5_Kacem;1;0.2912638187408447;4990;194;1;11;False
5_Kacem;1;0.10509824752807617;2185;109;0;11;False
5_Kacem;1;0.11802244186401367;2465;123;0;11;False
5_Kacem;1;0.07106494903564453;1425;71;0;11;False
5_Kacem;1;0.2792541980743408;4570;163;1;11;False
6_Fattahi;10;0.03503131866455078;105;5;0;516;True
6_Fattahi;10;0.027022361755371094;5;0;0;516;True
6_Fattahi;10;0.03303122520446777;85;4;0;516;True
6_Fattahi;10;0.08907794952392578;805;40;0;516;True
6_Fattahi;10;0.14348340034484863;1425;71;0;516;True
6_Fattahi;10;0.03503108024597168;105;5;0;516;True
6_Fattahi;10;0.049045562744140625;285;14;0;516;True
6_Fattahi;10;0.1060945987701416;985;49;0;516;True
6_Fattahi;10;0.07907485961914062;705;35;0;516;True
6_Fattahi;10;0.03403115272521973;105;5;0;516;True
6_Fattahi;10;0.04403948783874512;205;10;0;516;True
6_Fattahi;10;0.03803372383117676;125;6;0;516;True
6_Fattahi;10;0.04003596305847168;185;9;0;516;True
6_Fattahi;10;0.03005671501159668;45;2;0;516;True
6_Fattahi;10;0.05705070495605469;385;19;0;516;True
6_Fattahi;10;0.03603386878967285;125;6;0;516;True
6_Fattahi;10;0.03503060340881348;105;5;0;516;True
6_Fattahi;10;0.13211941719055176;1365;68;0;516;True
6_Fattahi;10;0.10707688331604004;1045;52;0;516;True
6_Fattahi;10;0.030026912689208984;45;2;0;516;True
6_Fattahi;10;0.0420374870300293;185;9;0;516;True
6_Fattahi;10;0.04804277420043945;265;13;0;516;True
6_Fattahi;10;0.03402996063232422;105;5;0;516;True
6_Fattahi;10;0.04303932189941406;205;10;0;516;True
6_Fattahi;10;0.19217729568481445;2165;108;0;516;True
6_Fattahi;10;0.028991222381591797;45;2;0;516;True
6_Fattahi;10;0.03439068794250488;105;5;0;516;True
6_Fattahi;10;0.04297351837158203;225;11;0;516;True
6_Fattahi;10;0.03254270553588867;85;4;0;516;True
6_Fattahi;10;0.10809087753295898;645;32;0;516;True
6_Fattahi;10;0.06669187545776367;905;45;0;516;False
6_Fattahi;10;0.08377838134765625;1285;64;0;516;False
6_Fattahi;10;0.052565574645996094;605;30;0;516;False
6_Fattahi;10;0.07706975936889648;1145;57;0;516;False
6_Fattahi;10;0.04003548622131348;325;16;0;516;False
6_Fattahi;10;0.02902674674987793;65;3;0;516;False
6_Fattahi;10;0.09808897972106934;1465;73;0;516;False
6_Fattahi;10;0.0470428466796875;485;24;0;516;False
6_Fattahi;10;0.0690608024597168;965;48;0;516;False
6_Fattahi;10;0.0370945930480957;245;12;0;516;False
6_Fattahi;10;0.07506632804870605;1105;55;0;516;False
6_Fattahi;10;0.07407045364379883;1105;55;0;516;False
6_Fattahi;10;0.028024911880493164;45;2;0;516;False
6_Fattahi;10;0.08107423782348633;1265;63;0;516;False
6_Fattahi;10;0.039035797119140625;305;15;0;516;False
6_Fattahi;10;0.03255176544189453;145;7;0;516;False
6_Fattahi;10;0.09408783912658691;1425;71;0;516;False
6_Fattahi;10;0.06005430221557617;705;35;0;516;False
6_Fattahi;10;0.34574055671691895;4530;169;1;516;False
6_Fattahi;10;0.034974098205566406;165;8;0;516;False
6_Fattahi;10;0.09449315071105957;1465;73;0;516;False
6_Fattahi;10;0.028023958206176758;45;2;0;516;False
6_Fattahi;10;0.09208250045776367;1485;74;0;516;False
6_Fattahi;10;0.10009551048278809;1565;78;0;516;False
6_Fattahi;10;0.02724766731262207;25;1;0;516;False
6_Fattahi;10;0.047042131423950195;405;20;0;516;False
6_Fattahi;10;0.07506752014160156;1045;52;0;516;False
6_Fattahi;10;0.061055660247802734;805;40;0;516;False
6_Fattahi;10;0.06606054306030273;885;44;0;516;False
6_Fattahi;10;0.027871370315551758;45;2;0;516;False
6_Fattahi;15;26.765589237213135;86110;700;5;514;True
6_Fattahi;15;1.8091089725494385;9805;276;2;514;True
6_Fattahi;15;8.24967098236084;45220;690;3;514;True
6_Fattahi;15;13.820363521575928;50815;553;4;514;True
6_Fattahi;15;29.158469915390015;99590;662;5;514;True
6_Fattahi;15;19.9306218624115;91835;933;4;514;True
6_Fattahi;15;79.01958131790161;254835;1079;8;514;True
6_Fattahi;15;15.78592586517334;64395;769;4;514;True
6_Fattahi;15;96.27465844154358;313730;1348;9;514;True
6_Fattahi;15;61.56033492088318;204100;1109;7;514;True
6_Fattahi;15;126.10557770729065;384760;1508;11;514;True
6_Fattahi;15;93.37194561958313;295470;1253;9;514;True
6_Fattahi;15;28.581650495529175;97930;767;5;514;True
6_Fattahi;15;14.136272192001343;53735;655;4;514;True
6_Fattahi;15;266.04162430763245;777165;2623;18;514;True
6_Fattahi;15;73.039391040802;222015;1087;8;514;True
6_Fattahi;15;13.763420820236206;50435;559;4;514;True
6_Fattahi;15;6.590616941452026;34100;610;3;514;True
6_Fattahi;15;15.631606817245483;62895;737;4;514;True
6_Fattahi;15;6.5353734493255615;33940;556;3;514;True
6_Fattahi;15;128.3042345046997;394500;1499;11;514;True
6_Fattahi;15;13.685381889343262;49775;584;4;514;True
6_Fattahi;15;60.32659864425659;197200;1159;7;514;True
6_Fattahi;15;43.35566449165344;141505;928;6;514;True
6_Fattahi;15;87.9023609161377;309195;1336;8;514;True
6_Fattahi;15;45.60939431190491;151685;806;6;514;True
6_Fattahi;15;64.78079605102539;224160;1208;7;514;True
6_Fattahi;15;67.9915840625763;240200;1071;7;514;True
6_Fattahi;15;26.89522123336792;83670;794;5;514;True
6_Fattahi;15;76.52596163749695;241095;1179;8;514;True
6_Fattahi;15;23.395585775375366;99830;805;5;514;False
6_Fattahi;15;23.399304628372192;97390;806;5;514;False
6_Fattahi;15;22.143319606781006;86550;685;5;514;False
6_Fattahi;15;11.90932321548462;62395;673;4;514;False
6_Fattahi;15;63.22355628013611;255335;1116;8;514;False
6_Fattahi;15;25.593625783920288;121870;805;5;514;False
6_Fattahi;15;12.027161598205566;65035;838;4;514;False
6_Fattahi;15;78.08712220191956;313250;1355;9;514;False
6_Fattahi;15;11.07392144203186;52935;625;4;514;False
6_Fattahi;15;79.36447286605835;326870;1379;9;514;False
6_Fattahi;15;62.73976159095764;250555;1126;8;514;False
6_Fattahi;15;52.927929639816284;233520;989;7;514;False
6_Fattahi;15;37.65926671028137;163385;843;6;514;False
6_Fattahi;15;21.628878355026245;87270;749;5;514;False
6_Fattahi;15;39.522576332092285;184245;1000;6;514;False
6_Fattahi;15;1.9528863430023193;17445;439;2;514;False
6_Fattahi;15;2.391511917114258;22685;430;2;514;False
6_Fattahi;15;37.562660455703735;165765;920;6;514;False
6_Fattahi;15;10.667349338531494;50115;772;4;514;False
6_Fattahi;15;172.1327724456787;623500;2034;15;514;False
6_Fattahi;15;53.61383605003357;219940;1125;7;514;False
6_Fattahi;15;4.479038715362549;29400;438;3;514;False
6_Fattahi;15;0.8343517780303955;8410;260;1;514;False
6_Fattahi;15;23.881813287734985;96630;801;5;514;False
6_Fattahi;15;83.66180205345154;310910;1276;9;514;False
6_Fattahi;15;72.87460947036743;290855;1334;8;514;False
6_Fattahi;15;128.30761528015137;450915;1759;12;514;False
6_Fattahi;15;299.6283802986145;928945;2725;22;514;False
6_Fattahi;15;26.144729375839233;104890;707;5;514;False
6_Fattahi;15;24.134979724884033;96490;803;5;514;False
1_Brandimarte;1;992.4043734073639;950620;2836;23;40;True
1_Brandimarte;1;712.1755156517029;737905;2277;18;40;True
1_Brandimarte;1;525.3624832630157;561280;1940;15;40;True
1_Brandimarte;1;198.5803439617157;228475;991;8;40;True
1_Brandimarte;1;16.723446130752563;29920;508;3;40;True
1_Brandimarte;1;287.94936513900757;336105;1268;10;40;True
1_Brandimarte;1;36.74992847442627;50895;621;4;40;True
1_Brandimarte;1;321.76227927207947;375560;1421;11;40;True
1_Brandimarte;1;38.05444264411926;53595;659;4;40;True
1_Brandimarte;1;283.84079456329346;336365;1312;10;40;True
1_Brandimarte;1;484.950129032135;537640;1782;15;40;True
1_Brandimarte;1;410.06768918037415;469870;1635;13;40;True
1_Brandimarte;1;117.19176816940308;148305;889;6;40;True
1_Brandimarte;1;200.09761810302734;244415;1197;8;40;True
1_Brandimarte;1;635.8202624320984;705605;2274;18;40;True
1_Brandimarte;1;43.53263187408447;65395;699;4;40;True
1_Brandimarte;1;196.08127164840698;236495;1027;8;40;True
1_Brandimarte;1;160.77377247810364;202960;969;7;40;True
1_Brandimarte;1;798.4025301933289;872850;2598;21;40;True
1_Brandimarte;1;113.64823293685913;142165;785;6;40;True
1_Brandimarte;1;371.26708340644836;435415;1456;12;40;True
1_Brandimarte;1;380.40847420692444;455955;1669;12;40;True
1_Brandimarte;1;80.03162693977356;107650;747;5;40;True
1_Brandimarte;1;36.7139105796814;51595;702;4;40;True
1_Brandimarte;1;377.54562187194824;449275;1608;12;40;True
1_Brandimarte;1;559.11359333992;639555;2202;16;40;True
1_Brandimarte;1;1800.234622001648;1712260;4719;39;41;True
1_Brandimarte;1;162.66440200805664;206580;938;7;40;True
1_Brandimarte;1;121.04699206352234;156865;837;6;40;True
1_Brandimarte;1;807.5479233264923;887610;2705;21;40;True
1_Brandimarte;1;1805.1611824035645;2020300;5567;47;41;False
1_Brandimarte;1;1801.9146778583527;1997200;5439;47;41;False
1_Brandimarte;1;1809.8724448680878;2019320;5563;47;41;False
1_Brandimarte;1;1800.0161266326904;1999400;5348;47;41;False
1_Brandimarte;1;1800.250387430191;1998620;5402;47;41;False
1_Brandimarte;1;1806.4464325904846;2001060;5511;47;42;False
1_Brandimarte;1;114.70268058776855;178560;966;7;40;False
1_Brandimarte;1;1800.2504832744598;1995960;5469;47;41;False
1_Brandimarte;1;1805.2508676052094;2013400;5391;47;41;False
1_Brandimarte;1;1800.0396280288696;2008820;5474;47;41;False
1_Brandimarte;1;1800.152700662613;2001480;5362;47;41;False
1_Brandimarte;1;1800.070520401001;2004420;5398;47;41;False
1_Brandimarte;1;1800.1139180660248;2012420;5476;47;41;False
1_Brandimarte;1;1800.2543992996216;2008320;5395;47;41;False
1_Brandimarte;1;1800.2488312721252;1988805;5378;46;41;False
1_Brandimarte;1;1811.4670238494873;1957145;5287;46;41;False
1_Brandimarte;1;1800.0448853969574;1934490;5256;45;41;False
1_Brandimarte;1;1800.0465507507324;1930210;5268;45;41;False
1_Brandimarte;1;1807.5742011070251;1958745;5299;46;41;False
1_Brandimarte;1;116.56118130683899;177620;946;7;40;False
1_Brandimarte;1;1800.0002975463867;1929370;5253;45;41;False
1_Brandimarte;1;1800.0937371253967;1845725;5081;42;41;False
1_Brandimarte;1;562.5934019088745;746120;2433;19;40;False
1_Brandimarte;1;1800.3594279289246;1952110;5312;45;41;False
1_Brandimarte;1;1814.6139533519745;1944650;5243;45;41;False
1_Brandimarte;1;1800.2567188739777;1936090;5269;45;41;False
1_Brandimarte;1;1800.2820718288422;2007400;5433;47;41;False
1_Brandimarte;1;1800.162344455719;2019980;5370;47;41;False
1_Brandimarte;1;1800.3176984786987;2007380;5358;47;41;False
1_Brandimarte;1;1806.6531419754028;1938310;5341;45;41;False
1_Brandimarte;11;105.24705100059509;29540;493;3;636;True
1_Brandimarte;11;99.73025178909302;28260;559;3;638;True
1_Brandimarte;11;88.64218592643738;25720;447;3;649;True
1_Brandimarte;11;103.337233543396;28820;500;3;643;True
1_Brandimarte;11;44.11611533164978;13225;330;2;646;True
1_Brandimarte;11;18.545979261398315;6070;221;1;647;True
1_Brandimarte;11;22.25315499305725;7450;249;1;649;True
1_Brandimarte;11;26.71096682548523;9090;316;1;648;True
1_Brandimarte;11;47.106054067611694;14205;344;2;648;True
1_Brandimarte;11;4.8990583419799805;1725;86;0;649;True
1_Brandimarte;11;94.34219479560852;25660;483;3;645;True
1_Brandimarte;11;44.88713455200195;13445;381;2;648;True
1_Brandimarte;11;21.55545926094055;7170;236;1;648;True
1_Brandimarte;11;57.27110481262207;18025;405;2;644;True
1_Brandimarte;11;8.087610006332397;2925;146;0;647;True
1_Brandimarte;11;28.18320655822754;9530;301;1;649;True
1_Brandimarte;11;21.317161560058594;7090;254;1;646;True
1_Brandimarte;11;97.66465854644775;26460;453;3;642;True
1_Brandimarte;11;47.02330684661865;14585;393;2;644;True
1_Brandimarte;11;21.431294441223145;7270;264;1;649;True
1_Brandimarte;11;5.9353368282318115;2165;108;0;642;True
1_Brandimarte;11;49.97904825210571;15865;416;2;646;True
1_Brandimarte;11;20.1643168926239;6810;251;1;649;True
1_Brandimarte;11;99.67875385284424;28140;485;3;648;True
1_Brandimarte;11;54.87911367416382;17585;406;2;646;True
1_Brandimarte;11;61.46831393241882;20005;437;2;645;True
1_Brandimarte;11;102.08975386619568;28940;524;3;643;True
1_Brandimarte;11;50.13563895225525;15945;381;2;647;True
1_Brandimarte;11;56.31959843635559;18145;503;2;649;True
1_Brandimarte;11;48.91242289543152;15505;429;2;643;True
1_Brandimarte;11;12.994799852371216;7910;297;1;649;False
1_Brandimarte;11;16.470443725585938;10210;329;1;649;False
1_Brandimarte;11;30.200019359588623;16665;413;2;648;False
1_Brandimarte;11;29.86725950241089;16545;417;2;648;False
1_Brandimarte;11;13.59352159500122;8370;311;1;648;False
1_Brandimarte;11;4.109463691711426;2825;141;0;645;False
1_Brandimarte;11;29.812938690185547;16505;403;2;646;False
1_Brandimarte;11;59.08033585548401;28160;508;3;643;False
1_Brandimarte;11;8.162419319152832;5745;287;0;649;False
1_Brandimarte;11;26.80133819580078;14445;394;2;649;False
1_Brandimarte;11;15.294197082519531;9510;300;1;649;False
1_Brandimarte;11;13.991041898727417;8610;337;1;649;False
1_Brandimarte;11;12.673114538192749;7690;266;1;647;False
1_Brandimarte;11;29.264511585235596;16105;391;2;648;False
1_Brandimarte;11;31.15324306488037;17405;418;2;649;False
1_Brandimarte;11;61.57213521003723;29920;521;3;648;False
1_Brandimarte;11;69.33364653587341;35300;688;3;649;False
1_Brandimarte;11;26.690054893493652;14265;393;2;647;False
1_Brandimarte;11;57.33843493461609;26020;473;3;649;False
1_Brandimarte;11;25.682127952575684;13585;349;2;649;False
1_Brandimarte;11;16.62319779396057;10450;404;1;649;False
1_Brandimarte;11;14.184789180755615;8690;289;1;649;False
1_Brandimarte;11;40.51803922653198;23645;526;2;647;False
1_Brandimarte;11;64.70467400550842;31640;616;3;643;False
1_Brandimarte;11;13.265685796737671;7990;265;1;649;False
1_Brandimarte;11;15.838972330093384;9890;373;1;647;False
1_Brandimarte;11;26.21333146095276;14065;394;2;649;False
1_Brandimarte;11;31.14741611480713;17485;497;2;648;False
1_Brandimarte;11;12.365257978439331;7390;234;1;649;False
1_Brandimarte;11;62.47531723976135;30300;566;3;649;False
5_Kacem;4;248.08947277069092;365520;1115;7;12;True
5_Kacem;4;245.73689150810242;358100;1198;7;12;True
5_Kacem;4;155.91286301612854;236045;1136;6;12;True
5_Kacem;4;245.21843886375427;359680;1176;7;12;True
5_Kacem;4;347.8155562877655;492475;1535;8;12;True
5_Kacem;4;264.13150548934937;373260;1215;7;12;True
5_Kacem;4;174.02061295509338;262245;1241;6;12;True
5_Kacem;4;78.94350028038025;126190;866;5;12;True
5_Kacem;4;368.64726400375366;481075;1302;8;12;True
5_Kacem;4;176.80951023101807;246885;1157;6;12;True
5_Kacem;4;87.51796817779541;139970;858;5;12;True
5_Kacem;4;273.1789574623108;362880;1261;7;12;True
5_Kacem;4;274.57801961898804;362900;1230;7;12;True
5_Kacem;4;583.4293882846832;719925;1623;10;12;True
5_Kacem;4;182.5617847442627;256505;1109;6;12;True
5_Kacem;4;476.62099027633667;635810;1770;9;12;True
5_Kacem;4;242.84915232658386;353340;1293;7;12;True
5_Kacem;4;162.7140440940857;255445;1056;6;12;True
5_Kacem;4;159.4140453338623;247045;1057;6;12;True
5_Kacem;4;154.2515618801117;231645;1043;6;12;True
5_Kacem;4;157.51116824150085;241945;1007;6;12;True
5_Kacem;4;158.49055123329163;244985;1088;6;12;True
5_Kacem;4;340.4634611606598;495635;1377;8;12;True
5_Kacem;4;167.83408999443054;274405;1298;6;12;True
5_Kacem;4;156.33940768241882;234965;1052;6;12;True
5_Kacem;4;160.4228823184967;249385;1137;6;12;True
5_Kacem;4;240.75825095176697;349260;1244;7;12;True
5_Kacem;4;418.66044878959656;480315;1396;8;12;True
5_Kacem;4;437.44651985168457;624090;1769;9;12;True
5_Kacem;4;157.542245388031;244245;1167;6;12;True
5_Kacem;4;156.2899341583252;246585;1086;6;12;False
5_Kacem;4;160.34099555015564;261765;1120;6;12;False
5_Kacem;4;411.19745421409607;584710;1354;9;12;False
5_Kacem;4;329.252313375473;491875;1374;8;12;False
5_Kacem;4;243.8244903087616;362760;1236;7;12;False
5_Kacem;4;339.8099868297577;500295;1461;8;12;False
5_Kacem;4;236.33490443229675;351980;1353;7;12;False
5_Kacem;4;603.7090041637421;856880;1847;11;12;False
5_Kacem;4;342.92015051841736;520855;1407;8;12;False
5_Kacem;4;79.97598457336426;146170;1024;5;12;False
5_Kacem;4;237.2980251312256;350640;1308;7;12;False
5_Kacem;4;247.29314255714417;381340;1240;7;12;False
5_Kacem;4;160.00822687149048;248665;1134;6;12;False
5_Kacem;4;76.39449119567871;129470;805;5;12;False
5_Kacem;4;157.26656818389893;240525;1121;6;12;False
5_Kacem;4;159.42785668373108;243905;984;6;12;False
5_Kacem;4;75.47537660598755;125170;826;5;12;False
5_Kacem;4;166.37721157073975;274845;1174;6;12;False
5_Kacem;4;85.06566786766052;143890;946;5;12;False
5_Kacem;4;327.2710123062134;453435;1322;8;12;False
5_Kacem;4;149.58764243125916;230045;1143;6;12;False
5_Kacem;4;337.5221655368805;492275;1310;8;12;False
5_Kacem;4;327.3185794353485;482115;1298;8;12;False
5_Kacem;4;236.2148597240448;370880;1341;7;12;False
5_Kacem;4;251.86241841316223;397240;1163;7;12;False
5_Kacem;4;408.4877848625183;610170;1444;9;12;False
5_Kacem;4;502.22318291664124;746045;1865;10;12;False
5_Kacem;4;151.82801365852356;240405;1097;6;12;False
5_Kacem;4;229.54759073257446;349580;1196;7;12;False
5_Kacem;4;234.2626338005066;364920;1216;7;12;False
